2059,1.8174641603165251,0.012645708230307307,1.0097023112869583,2,1
5261,3.8914764652848026,0.05245501677340658,1.6214485272020012,5,1
5523,3.3901715032785553,0.34451718494271677,1.4125714596993981,2,1
5497,3.662187363686173,0.05871559633027512,1.5259114015359054,2,1
5162,1.725463971657093,1.0,0.7189433215237887,1,1
5087,2.7981280069962158,0.01113307668296748,1.2436124475538737,6,1
5278,1.6070438147961554,0.1428571428571429,0.8035219073980777,2,1
5284,1.8747567815804616,0.0,0.9373783907902308,1,1
2217,2.4634842437215894,0.14073818558123496,1.3686023576231052,3,1
5183,3.6924314588682146,0.032802701398938705,1.4480123368110647,1,1
5019,3.0580276684521035,0.06314699792960654,1.4917208138790752,3,1
5249,2.239567715486285,0.013961605584642323,1.0664608168982308,1,1
5207,5.388903277045807,0.06472261735419638,2.836264882655688,6,-1
5555,2.741755501101969,0.2564102564102564,1.142398125459154,1,1
2164,2.389577435261219,0.039075051641037306,1.1378940167910567,22,-1
5200,2.9025727336334692,0.048041615667074766,1.3821774922064138,3,1
5088,2.946421155510544,0.010115485121807377,1.2810526763089323,8,1
5112,2.8522073931922285,0.0824860924611549,1.0682424693603851,3,1
5217,2.1035138096061723,0.01985330612695091,1.202007891203527,2,1
5017,2.5975040707827617,0.010719071013845505,1.0822933628261509,1,1
5023,3.9160584075671143,0.04080398972343957,1.3503649681265912,5,1
5061,2.227632419479864,0.016342082980524975,1.113816209739932,6,1
5104,2.600152264040234,0.00782656335603027,1.2381677447810635,6,1
5002,3.2792958591797645,0.10169491525423724,1.1506301260279874,1,1
5143,2.2117776441969856,0.024892029839026497,1.2425717102230256,6,1
5222,5.230423279963012,0.6040515653775322,2.2740970782447882,2,-1
5185,3.020509356404407,0.03556187766714081,1.1398148514733613,1,1
5091,2.5330868493894108,0.02132907719094601,1.151403113358823,5,1
5151,2.387858240801006,0.19028340080971673,1.1370753527623838,2,1
5499,2.673653870627732,0.021091811414392203,0.8355168345711661,1,1
5530,1.9779719479304925,0.011869436201780381,0.9889859739652462,1,1
5520,5.273950153342775,0.11011523687580038,1.648109422919617,3,1
5513,1.8696096238633662,0.2190201729106629,0.5842530074573019,1,1
1515,4.237400940093953,0.11616863562659252,1.3241877937793605,12,-1
5058,3.260321230385616,0.3920619554695063,1.3873707363343046,1,1
5123,1.9170954664158015,0.13157894736842102,0.9831258802132316,1,1
5141,3.333762026445105,0.020408163265306034,0.9951528437149567,1,1
5083,2.4490275354300377,0.13711151736745875,1.2559115566307886,1,1
5122,3.660520839635811,0.1614926813575679,1.9265899155977957,2,1
5239,3.7947088546121788,0.02784293727689957,1.5811286894217411,3,1
5491,2.6238515570133756,0.023696682464455,1.0932714820889065,1,1
5299,3.7430446133345776,0.12636287391669,1.5596019222227406,2,1
5125,3.357278702905039,0.14301675977653627,1.7669887910026523,1,1
5179,3.124114401279182,0.12425492893168266,1.644270737515359,5,1
5206,2.7723386224798627,0.07281553398058249,1.459125590778875,1,1
5511,2.3043628526824476,0.0608695652173914,0.9601511886176866,1,1
5519,2.8887085823530376,0.08812260536398464,1.2036285759804324,1,1
5202,2.564923966303059,0.04664368282295672,1.349959982264768,2,1
5085,3.298804490640621,0.05757740358500807,1.3464508125063759,3,1
2152,2.7490445661382954,0.00800457404230992,1.3745222830691477,3,1
5171,3.163017818956252,0.006715506715506692,1.265207127582501,3,1
2065,1.637646899432048,0.015012009607686227,0.9098038330178045,7,1
2418,2.658413250487997,0.015138592750532975,1.1076721877033322,2,1
1504,4.142760840447909,0.016535044422507417,1.2946127626399715,13,-1
2211,2.9620709054119856,0.008279236052309846,1.2341962105883273,1,1
2044,3.0508478134512873,0.06059775157663849,1.2711865889380365,2,1
2261,3.1805002244876466,0.11543450064850846,1.341983217083395,3,1
5553,27.71741054267226,0.10999999999999999,11.548921059446776,3,-1
2411,2.6123519848125145,0.006352873231302292,1.243977135625007,8,1
2475,2.69489493469897,0.3226337448559671,1.1977310820884313,1,1
2202,2.3049193459408017,0.13267423410228252,1.0975806409241913,5,1
2471,3.2643235121560874,0.0,1.4070359966190034,1,1
3426,1992.3984238846447,0.03652968036529691,1106.888013269247,7,-1
5211,1.6965984958826865,1.0,0.6653327434834065,1,1
5215,3.4526801566257954,0.00301719802876399,1.264718006090035,3,1
5231,4.051812609777677,0.015147668613015086,1.5232378232246906,5,1
1122,4.506735942236672,0.15573770491803285,1.6691614600876559,6,-1
1508,1.6396652934495466,0.49842271293375395,0.6072834420183505,1,1
5073,1.9425262462378665,0.027874564459930307,0.8829664755626665,1,1
5228,3.944032107711013,0.00725872157617935,1.44470040575495,4,1
5225,5.244522128350301,0.01341235184029932,1.9424156030927042,6,-1
5109,3.945226475057146,0.06115864777668678,1.4611949907619057,5,1
5239,4.312193611560642,0.051464968152866275,1.7967473381502677,7,-1
5299,3.629431143565183,0.1103737174056294,1.512262976485493,4,1
5202,3.038256815665318,0.0169610316792822,1.5990825345606938,3,1
5175,3.2370471483060514,0.07323267955411317,1.7037090254242377,1,1
5032,3.406617835366531,0.00899706411592005,1.6221989692221574,3,1
5025,2.3172986144909884,0.1308220921354033,1.0075211367352124,3,1
5122,3.32612772927118,0.1525200145560408,1.7505935417216738,4,1
5045,2.506441486301019,0.006915577053888566,1.0665708452344762,19,-1
5166,2.9972954176803337,0.015372135469478798,1.3624070080365152,21,-1
5104,2.654098565680194,0.018178640097884946,1.2638564598477116,9,1
5033,2.7002119803937017,0.016000000000000014,1.0976471465015047,1,1
5158,2.825104586605855,0.14000892724296976,1.3201423301896518,2,1
5211,3.2289009466573217,0.03422161215506225,1.2662356653558124,5,1
5142,3.3939645709223925,0.034662480376766114,1.3740747250697944,21,-1
5091,2.887039305308828,0.009270553793608083,1.3122905933221944,7,1
5094,3.4502977766840797,0.41291989664082684,1.4140564658541308,5,-1
5088,2.640705006161048,0.015447635968808604,1.1481326113743688,19,-1
5117,4.241742909574922,0.020475075276012,1.2475714439926242,7,-1
5085,2.6391176453344873,0.021548456957227846,1.0771908756467294,6,1
5004,2.683843174223516,0.20395088093966895,1.0322473747013523,10,-1
5023,3.0882425852354634,0.05496183206106875,1.0649112362880908,4,1
5217,2.2696623063531174,0.021736460763846277,1.2969498893446385,3,1
5226,4.294200926460105,0.07592542556065918,1.7892503860250442,9,-1
5143,2.1604259755217203,0.030510065713987733,1.2137224581582697,9,1
5114,2.462547927983696,0.015971951694585318,1.1193399672653161,9,1
5141,3.6255072682808938,0.020571325907294158,1.082240975606237,7,1
5144,3.0285675109410057,0.09343687374749488,1.4992908470004978,2,1
5523,4.351223342088796,0.14073164073164068,1.8130097258703315,5,-1
5497,3.7152644448110754,0.05055446836268751,1.548026852004615,9,-1
5198,3.4590411112087107,0.0431845864245376,1.8205479532677427,5,1
5182,3.1492300845078525,0.02967975543881507,1.6574895181620275,18,-1
5041,2.771611165877988,0.01503233700402018,1.31981484089428,7,1
5072,2.7574240395625558,0.11832002457002455,1.2255217953611357,4,1
5125,5.921649454605902,0.6850152905198776,3.1166576076873165,3,-1
5112,3.5665382361805835,0.04921806779391935,1.3357821109290575,8,-1
5179,3.1665215097783226,0.0568227694792085,1.6665902683043803,4,1
5201,2.9632755834913036,0.07044615900704465,1.2346981597880433,3,1
5028,3.229995269154407,0.15094339622641506,1.3183654159813905,2,1
5065,3.8880297743974497,0.008172950171368432,1.167576508828063,4,1
5008,2.747972284504305,0.03135526055082227,1.1449884518767937,15,-1
5054,2.7893600800612677,0.0030188679245282124,1.129295578972173,5,1
5118,2.5995714772428027,0.03027892972788726,1.1816233987467282,11,-1
5194,3.26947845079057,0.029847630974744077,1.2245237643410376,5,1
5080,1.419844757559929,0.06349206349206338,0.6173238076347517,1,1
5255,3.3229537679166694,0.06447688564476872,1.4638562854258454,3,1
2164,2.564078658190779,0.014015586298556038,1.2209898372337042,13,-1
5491,3.5975357757686406,0.004208311415044741,1.4989732399036002,4,1
5130,3.6976786533323525,0.02769064359113016,1.15552457916636,5,1
5151,2.5738251542107613,0.1040113497273839,1.2256310258146481,4,1
5110,2.9842348153504057,0.07209175314036043,1.4773439679952503,6,1
5159,3.250446604804953,0.11305384462547186,1.4575993743519968,8,-1
5178,4.31359731440242,0.05542725173210139,2.2703143760012736,7,-1
5525,3.345583478981418,0.021650133837190944,1.0454948371816932,6,1
2203,3.758932765051674,0.006727979754336144,1.252977588350558,1,1
5513,3.2819510437480988,0.09741276125586962,1.0256097011712808,7,1
5520,3.6688080399234626,0.32424113776268315,1.146502512476082,7,-1
5563,2.6599629816919266,0.060723514211886265,1.3299814908459633,1,1
5216,3.9935021758934637,0.04868494683827629,1.6993626280397718,6,1
5553,2.071955981736857,0.5308641975308641,0.8633149923903571,2,1
5208,6.897227303187993,0.011824324324324231,3.6301196332568386,4,-1
5498,4.942219643034714,0.3103557814485388,2.0592581845977973,4,-1
5106,2.944820702998173,0.00810291537883212,1.3570602317963931,3,1
5019,2.9763102996803013,0.059127170342562096,1.4518586827708786,2,1
2222,2.7563729122474774,0.016115702479339022,1.148488713436449,8,1
5519,4.13405597055332,0.04360336432049583,1.7225233210638835,6,-1
5493,5.171117521871332,0.009963960144159456,2.1546323007797215,3,1
2211,2.9477373694036557,0.013088677354709422,1.22822390391819,5,1
5261,4.165573237761578,0.04013203613620564,1.735655515733991,2,1
5206,2.9933940451237,0.04742362061103511,1.5754705500651056,2,1
5511,3.9214811100420084,0.005465310459996764,1.6339504625175036,4,1
5191,3.836808702953797,0.13587540279269605,2.01937300155463,10,-1
5060,1.9810910097701517,0.028501205274849895,1.186282041778534,3,1
2158,3.692933032094243,0.04892626311765935,1.2309776773647476,3,1
5093,3.540433717163452,0.6624623493975904,1.50656753921849,3,-1
5508,4.359636588273266,0.21660272061388208,1.8165152451138609,9,-1
5011,2.9428773580878818,0.020378977475867033,1.2261988992032842,6,1
5540,1.556106488910691,0.05714285714285705,0.5985024957348811,1,1
5552,1.4368596294141862,0.8809523809523809,0.7184298147070931,1,1
2059,1.6018733708437805,0.02379105249547453,0.8899296504687669,3,1
2715,3.5701156436367296,0.05727923627684961,1.3421487382092967,6,1
5223,2.5658737257758,0.1174698795180723,1.315832679885026,1,1
2400,2.6233991403404606,0.04739145746339979,1.125922377828524,7,1
2321,3.4571008697701213,0.10391822827938679,1.4168446187582466,4,1
5177,2.9770235277513555,0.1759584328043815,1.5668544882901871,5,1
5196,2.756826171760077,0.03181693864527302,1.4509611430316196,4,1
5184,3.3618412318509505,0.07905325443786981,1.769390122026816,6,1
5163,3.0948862493394693,0.04137648504711189,1.406766476972486,4,1
5180,3.621368868936187,0.02332235419369877,1.5475935337334132,5,1
2226,3.5790612001056576,0.0025857610756766514,1.1930204000352191,3,1
5280,4.038847029744703,0.03220204425920414,1.6828529290602932,7,-1
2282,3.081947780018492,0.06172374858863383,1.0273159266728307,2,1
2010,2.4456223909099073,0.06745863385659734,1.3586791060610595,1,1
2141,2.500832749036762,0.16804329250925643,0.984579822455418,5,1
2853,2.9546228506347614,1.0,1.2310928544311506,1,-1
2482,1.729698030662144,0.02115003304692653,0.9609433503678576,1,1
2204,2.2253051515075657,0.012910166756320618,1.0596691197655075,2,1
2087,3.228427857023503,0.03323836657169987,1.0481908626699685,2,1
2360,2.354124597003673,0.009658601893468455,1.1210117128588917,3,1
2250,2.738576389708232,0.024381461858957953,1.1410734957117634,10,-1
2279,2.461285695102629,0.037634408602150504,1.1187662250466497,1,1
2418,2.7782782526385335,0.03039721043056387,1.157615938599389,15,-1
2255,2.0306028070025635,0.0,0.6768676023341879,1,1
2291,2.3978325305086683,0.017241379310344862,0.7992775101695561,2,1
2126,2.9009072973599648,0.75,0.9669690991199883,1,1
2084,2.3028901532197925,0.11904761904761907,0.7780034301418217,1,1
2475,2.893798287078719,0.3154337213668794,1.286132572034986,1,1
5512,3.485956967142172,0.42992874109263657,1.4524820696425718,4,-1
5547,26.281374390977696,0.46984924623115576,11.946079268626224,7,-1
2202,2.243249517044428,0.041718589153167174,1.068214055735442,20,-1
2217,2.2334230516132285,0.14007140895358416,1.2407905842295714,3,1
